Output_old_version
01 0.7222 413.0 126.0 1056.0 720.0    
01 0.6608 402.0 124.0 1050.0 720.0    
01 0.6942 371.0 132.0 1075.0 713.0    
01 0.7538 355.0 124.0 1021.0 720.0    
01 0.6882 323.0 132.0 1052.0 716.0    
01 0.7601 379.0 131.0 1059.0 708.0    
01 0.6739 320.0 134.0 1053.0 715.0    
01 0.7341 380.0 133.0 1055.0 708.0    
01 0.7265 381.0 132.0 1061.0 712.0    
01 0.6740 370.0 136.0 1066.0 708.0    
01 0.6932 375.0 139.0 1064.0 706.0    
01 0.7159 376.0 134.0 1063.0 709.0    
01 0.7215 379.0 136.0 1061.0 707.0    
01 0.7082 377.0 141.0 1068.0 705.0    
01 0.7456 375.0 135.0 1069.0 707.0    
01 0.6923 328.0 138.0 1049.0 715.0    
01 0.6798 323.0 137.0 1052.0 713.0    
01 0.7417 388.0 137.0 1060.0 708.0    
01 0.7239 386.0 140.0 1056.0 706.0    
01 0.7265 383.0 137.0 1061.0 705.0    
01 0.6898 386.0 140.0 1054.0 707.0    
01 0.7216 385.0 140.0 1056.0 706.0    
01 0.7303 384.0 136.0 1063.0 708.0    
01 0.6843 388.0 137.0 1054.0 710.0    
01 0.6985 322.0 136.0 1058.0 717.0    
01 0.7186 387.0 138.0 1052.0 708.0    
01 0.6830 334.0 137.0 1048.0 715.0    
01 0.7217 374.0 144.0 1062.0 709.0    
01 0.7277 390.0 137.0 1058.0 709.0    
01 0.7082 384.0 141.0 1065.0 706.0    
01 0.7339 382.0 138.0 1069.0 706.0    
01 0.7239 383.0 140.0 1068.0 706.0    
01 0.7452 383.0 138.0 1069.0 706.0    
01 0.7310 382.0 138.0 1070.0 708.0    
01 0.7295 374.0 141.0 1077.0 711.0    
01 0.7170 385.0 137.0 1066.0 709.0    
01 0.7100 377.0 137.0 1073.0 708.0    
01 0.6871 363.0 144.0 1082.0 706.0    
01 0.7112 376.0 137.0 1067.0 707.0    
01 0.7063 366.0 144.0 1075.0 707.0    
01 0.7313 382.0 140.0 1067.0 705.0    
01 0.7035 375.0 139.0 1077.0 706.0    
01 0.6979 372.0 143.0 1065.0 708.0    
01 0.7022 380.0 140.0 1067.0 706.0    
01 0.6812 368.0 144.0 1080.0 708.0    
01 0.7573 381.0 133.0 1070.0 705.0    
01 0.7218 377.0 134.0 1070.0 705.0    
01 0.7359 374.0 135.0 1075.0 703.0    
01 0.7256 381.0 141.0 1072.0 705.0    
01 0.7138 378.0 139.0 1073.0 705.0    
01 0.7469 379.0 137.0 1072.0 702.0    
01 0.7122 384.0 139.0 1061.0 703.0    
01 0.7543 383.0 139.0 1067.0 699.0    
01 0.6911 377.0 144.0 1069.0 706.0    
01 0.7133 378.0 139.0 1066.0 701.0    
01 0.7200 386.0 139.0 1076.0 708.0    
01 0.7577 382.0 136.0 1080.0 703.0    
01 0.7722 386.0 135.0 1075.0 703.0    
01 0.7498 385.0 134.0 1080.0 707.0    
01 0.7439 381.0 134.0 1076.0 704.0    
01 0.7373 379.0 135.0 1080.0 704.0    
01 0.7398 377.0 132.0 1076.0 705.0    
01 0.6971 404.0 132.0 1080.0 713.0    
01 0.6099 390.0 129.0 1101.0 720.0    
01 0.7792 395.0 139.0 1048.0 720.0    
01 0.7672 424.0 122.0 1058.0 720.0    
01 0.7967 424.0 135.0 1031.0 720.0    
01 0.7637 424.0 133.0 1033.0 720.0    
01 0.8247 418.0 137.0 1058.0 720.0    
01 0.8022 419.0 134.0 1047.0 720.0    
01 0.7944 417.0 132.0 1049.0 720.0    
01 0.7787 416.0 133.0 1048.0 720.0    
01 0.7819 420.0 130.0 1040.0 720.0    
01 0.8181 423.0 136.0 1040.0 720.0    
01 0.8274 414.0 137.0 1049.0 720.0    
01 0.8312 423.0 138.0 1045.0 720.0    
01 0.8109 425.0 134.0 1055.0 720.0    
01 0.8009 426.0 133.0 1043.0 720.0    
01 0.7368 398.0 127.0 1068.0 720.0    
01 0.7983 402.0 133.0 1060.0 720.0    
01 0.7569 408.0 127.0 1056.0 720.0    
01 0.7923 412.0 124.0 1058.0 720.0    
01 0.7755 302.0 129.0 1078.0 695.0    
01 0.7528 307.0 129.0 1083.0 700.0    
01 0.7184 317.0 132.0 1075.0 700.0    
01 0.7670 373.0 137.0 1061.0 700.0    
01 0.7197 369.0 142.0 1057.0 696.0    
01 0.7394 337.0 135.0 1050.0 703.0    
01 0.7939 340.0 130.0 1043.0 701.0    
01 0.7521 338.0 136.0 1052.0 699.0    
01 0.7656 338.0 134.0 1047.0 703.0    
01 0.7609 338.0 135.0 1043.0 705.0    
01 0.7814 333.0 133.0 1046.0 706.0    
01 0.7535 339.0 135.0 1050.0 703.0    
01 0.7698 335.0 136.0 1049.0 700.0    
01 0.7529 341.0 133.0 1044.0 706.0    
01 0.7439 374.0 142.0 1056.0 698.0    
01 0.7284 363.0 139.0 1061.0 695.0    
01 0.7307 369.0 140.0 1060.0 700.0    
01 0.7309 370.0 140.0 1056.0 699.0    
01 0.7531 372.0 142.0 1054.0 695.0    
01 0.7319 372.0 139.0 1052.0 698.0    
01 0.7224 336.0 135.0 1051.0 704.0    
01 0.7569 333.0 135.0 1055.0 701.0    
01 0.7770 343.0 133.0 1041.0 705.0    
01 0.7527 342.0 137.0 1044.0 700.0    
01 0.7308 335.0 136.0 1053.0 704.0    
01 0.7598 370.0 143.0 1057.0 695.0    
01 0.7649 375.0 140.0 1056.0 696.0    
01 0.7366 369.0 143.0 1055.0 695.0    
01 0.7623 331.0 133.0 1054.0 702.0    
01 0.7330 364.0 141.0 1061.0 698.0    
01 0.7605 374.0 142.0 1060.0 696.0    
01 0.7493 374.0 143.0 1055.0 696.0    
01 0.7362 373.0 140.0 1052.0 700.0    
01 0.7824 340.0 135.0 1046.0 699.0    
01 0.7538 371.0 138.0 1053.0 695.0    
01 0.7354 338.0 138.0 1047.0 702.0    
01 0.7382 340.0 136.0 1050.0 702.0    
01 0.7447 339.0 138.0 1047.0 700.0    
01 0.7900 335.0 137.0 1039.0 702.0    
01 0.7222 368.0 145.0 1058.0 694.0    
01 0.7830 381.0 144.0 1052.0 692.0    
01 0.7636 337.0 137.0 1050.0 699.0    
01 0.6322 326.0 139.0 1049.0 713.0    
01 0.7469 395.0 140.0 1037.0 720.0    
01 0.7137 397.0 137.0 1050.0 720.0    
01 0.7008 392.0 136.0 1054.0 720.0    
01 0.7595 403.0 135.0 1056.0 720.0    
01 0.7725 400.0 142.0 1051.0 719.0    
01 0.7922 414.0 137.0 1062.0 720.0    
01 0.7875 415.0 139.0 1058.0 719.0    
01 0.8091 416.0 137.0 1051.0 720.0    
01 0.7814 412.0 137.0 1051.0 720.0    
01 0.7678 417.0 136.0 1058.0 720.0    
01 0.7757 417.0 138.0 1059.0 720.0    
01 0.8162 414.0 137.0 1054.0 720.0    
01 0.8155 430.0 139.0 1054.0 720.0    
06 0.6065 79.0 586.0 274.0 713.0    
01 0.8078 423.0 138.0 1057.0 720.0    
01 0.8141 415.0 138.0 1052.0 720.0    
06 0.8675 113.0 556.0 296.0 715.0    
06 0.7181 100.0 523.0 289.0 710.0    
01 0.8036 423.0 137.0 1050.0 720.0    
06 0.7219 94.0 522.0 285.0 708.0    
01 0.8135 414.0 139.0 1056.0 720.0    
01 0.8078 414.0 139.0 1056.0 720.0    
06 0.8181 100.0 531.0 290.0 712.0    
01 0.7671 413.0 133.0 1056.0 720.0    
06 0.8173 94.0 532.0 286.0 713.0    
01 0.7572 408.0 137.0 1056.0 704.0    
06 0.8464 90.0 538.0 284.0 714.0    
01 0.7468 412.0 134.0 1056.0 709.0    
06 0.8538 88.0 541.0 281.0 714.0    
01 0.7657 401.0 131.0 1057.0 714.0    
06 0.8302 86.0 551.0 278.0 713.0    
01 0.7574 406.0 134.0 1064.0 714.0    
06 0.8546 86.0 541.0 279.0 714.0    
01 0.7726 408.0 133.0 1060.0 712.0    
06 0.8597 83.0 539.0 273.0 714.0    
01 0.7687 408.0 132.0 1058.0 713.0    
06 0.8573 81.0 535.0 269.0 713.0    
01 0.7699 408.0 131.0 1060.0 715.0    
06 0.8599 79.0 533.0 265.0 712.0    
01 0.7679 409.0 134.0 1057.0 713.0    
06 0.8577 79.0 534.0 266.0 713.0    
01 0.7537 407.0 135.0 1055.0 712.0    
06 0.8592 78.0 538.0 266.0 714.0    
